
T1=[0.999992 0.00355536 0.00155474 -0.00177207
-0.00355808 0.999992 0.00174829 -0.00101543
-0.00154852 -0.00175381 0.999997 0.000468992
0 0 0 1]


T2=[0.999873 0.00667738 0.0144661 -0.0134079
-0.00666581 0.999977 -0.000847763 0.0012936
-0.0144715 0.000751227 0.999895 0.00216071
0 0 0 1]
T1*[-0.00476366,-0.0588146,0.838506,1]'- T2*[0.0033097,-0.0625851,0.820991,1]'