Aineq=[
-0.18141727958006532 0.00621051667836547 0.20860927152317876 -0.43224890896328622 0.30068361461226234 -0.05278176213873714 0.42901394695883055 -0.48745689260536518 0.33053071687978763 0.00260933256019780 -0.00910977507858518 0.49307229834894861 -0.19924008911404767 0.00111392559587387 -0.44601275673696095 0.00990325632496114 0.31884212775048071 -0.30568865016632585 -0.28655354472487560 0.12901699880977813 
-0.49252296517838068 -0.31118198187200541 0.28365428632465595 -0.26989043855098116 0.28075502792443618 -0.43014313180944241 -0.37682729575487534 0.32271797845393235 -0.05906857509079255 -0.27687917722098454 0.00184636982329778 0.35061189611499377 0.19383831293679621 0.47021393475142670 -0.23729667043061614 0.14439832758568072 0.21230201116977443 -0.22719504379406108 -0.22731711783196507 -0.28423413800469988 
0.10713522751548810 -0.26772362437818537 0.49880977813043614 -0.30153813287759024 -0.38009277626880700 0.37136448255867183 -0.44335764641254921 0.19597460860011595 -0.35918759727774896 0.04268013550218208 0.07429731131931516 -0.05644398327585681 0.16032898953215124 -0.11061433759575184 -0.07603686635944701 0.21855830561235390 0.40218817712942900 -0.37124240852076784 0.38509781182287062 0.34319589831232644 
-0.08110293893246256 0.35009308145390183 -0.17055269020661029 -0.14812158574175238 0.03904843287453841 -0.48400830103457748 -0.09480574968718530 0.02372814111758781 0.32946256904812765 -0.48980681783501695 -0.27321695608386487 0.27489547410504467 0.20387890255439922 0.09169286172063351 0.10274056215094451 0.02510147404400764 -0.43429364909817803 0.15834528641621148 0.27837458418530836 0.13982055116428116 
0.12242500076296270 0.36712240974150823 0.24895474105044713 -0.32158879360332038 -0.33852656636249889 0.22417371135593733 0.44891201513718071 -0.10875270851771601 0.17494735557115393 -0.32915738395336769 -0.27388836329233679 -0.20201727347636339 -0.06120487075411235 0.24892422254097113 0.03675954466383857 0.37685781426435128 0.41064180425428021 -0.03221228675191501 -0.22957548753318890 0.49752800073244419 
0.11369670705282753 0.31569872127445298 -0.22835474715414900 0.23512985625782035 -0.04539628284554581 -0.36538285470137638 -0.17921994689779353 0.38232062746055484 0.46002075258644370 -0.04432813501388594 -0.26085695974608603 -0.38573870052186654 0.09077730643635362 -0.46905423139133884 -0.34856715598010191 0.03880428479873044 -0.34414197210608233 -0.35088656270027774 0.49322489089632859 -0.00254829554124575 
-0.47146519363994260 0.43234046449171426 0.16325876644184700 0.13594470046082952 0.46285897396771136 0.40014343699453714 -0.07289345988341928 -0.19154942472609637 0.06410412915433206 0.05116428113650928 0.21956541642506178 -0.08619953001495406 0.23207800531022060 -0.20522171697134312 0.19609668263801994 -0.21636097293008211 0.11339152195806756 -0.16884365367595444 -0.28569902645954770 0.04243598742637411 
0.47756889553514204 -0.19197668385876032 0.16902676473281042 -0.46340830713827935 0.06282235175634021 -0.31179235206152534 0.22466200750755339 0.31105990783410142 0.44729453413495290 -0.24498733481856744 -0.42675557725760671 -0.15468306527909176 -0.12932218390453809 -0.25087740714743489 0.11775566881313515 -0.05775627918332471 -0.44741660817285683 0.18114261299478129 0.34459974974822227 -0.11250648518326367 
-0.23885311441389201 0.25191503646961877 -0.18605609302041687 0.44061098055970949 0.12935270241401409 -0.01145970030823695 -0.31435590685750908 -0.00584429456465346 -0.30608539078951380 0.40701010162663653 -0.02125614185003205 -0.37737662892544327 0.10744041261024817 -0.34640034180730617 -0.20168156987212743 0.15788750877407143 -0.36043885616626481 0.10600604266487623 -0.35018463698232982 0.36809900204474011 
-0.41137424848170412 -0.27224036378063299 -0.43762016663106174 -0.38369396038697468 0.00309762871181374 0.31325724051637316 0.24291207617419963 -0.13936277352214116 -0.30346079897457812 0.38988921781060215 -0.17445905941953793 -0.10231330301828057 -0.36007263405255285 -0.17516098513748590 -0.35677663502914514 0.09389019440290536 -0.37310403759880367 -0.23796807763908812 0.22078615680410174 -0.05421613208410903 
-0.29586169011505481 -0.16798913541062654 -0.47616504409924620 -0.12553788872951444 -0.13701284829248939 -0.06599627674184394 -0.38930936613055817 -0.24196600238044375 0.40942106387524035 0.31792657246620071 0.47045808282723467 -0.41958372753074741 -0.06544694357127601 -0.22252571184423353 -0.44152653584398938 -0.29491561632129887 0.00904873805963313 0.08278145695364236 -0.45413068025757619 -0.49496444593646044 
-0.23714407788323616 -0.04722739341410565 -0.19603564561906794 -0.31582079531235696 0.13881344035157328 0.12303537095248263 -0.16908780175176247 -0.09739982299264505 -0.06218146305734429 0.28069399090548419 0.34371471297341838 -0.31798760948515276 -0.01161229285561693 -0.47192297128208260 -0.35061189611499377 0.26015503402813811 -0.06727805413983579 -0.03798028504287848 -0.37121189001129185 0.48843348490859706 
0.37624744407483135 0.08207953123569445 -0.04936368907742544 0.47299111911374248 -0.31020538956877347 -0.18703268532364881 0.22350230414746541 -0.09669789727469713 0.32604449598681595 -0.12425611133152259 -0.13811151463362531 0.02375865962706381 -0.05217139194921722 -0.07148960844752345 0.36315500350962859 -0.33874019592883087 -0.26061281167027806 0.34304330576494646 -0.43966490676595354 -0.15709402752769552 
-0.04686117130039369 0.47698904385509810 0.40633869441816461 -0.14464247566148869 -0.42550431836909086 -0.43859675893429362 0.44207586901455731 0.30407116916409804 0.04503006073183391 0.19527268288216804 -0.03926206244087038 0.28600421155430766 0.42876979888302258 0.24837488937040320 -0.49148533585619680 0.36071352275154878 0.18071535386211734 0.45141453291421252 -0.20207831049531538 -0.04173406170842614 
0.08745078890346991 0.41695913571581167 0.04005554368724629 0.00151066621906182 0.44677571947386086 -0.19536423841059603 0.39190343943601791 -0.35988952299569688 -0.34090701010162661 -0.43288979766228219 -0.18517105624561297 0.47598193304239023 0.05494857631153294 -0.35882137516403700 0.09639271217993717 0.27239295632801297 -0.10466322824793239 -0.40563676870021670 0.47219763786736657 0.48803674428540911 
-0.26451918088320570 0.35171056245612964 -0.28777428510391556 0.48718222602008121 -0.12517166661580248 -0.27178258613849299 0.05290383617664118 0.09962767418439289 0.26464125492110968 0.14159062471388895 -0.28435621204260386 0.22765282143620102 0.03779717398602256 0.26372569963682979 0.42449720755638298 0.17378765221106596 -0.18114261299478135 0.07942442091128266 -0.18913846247749261 -0.42126224555192726 
0.21019623401593068 -0.20647297585985902 0.23094882045960874 -0.17220068971831415 -0.16203802606280709 0.01136814477980896 0.23238319040498057 0.41976683858760333 -0.20497756889553514 -0.11046174504837186 0.12752159184545431 0.36703085421308024 0.27901547288430428 -0.22920926541947689 -0.31041901913510545 -0.35103915524765772 -0.11809137241737111 0.41277809991760006 0.43191320535905031 0.42742698446607863 
-0.15807061983092746 -0.11745048371837519 -0.18419446394238104 -0.18294320505386519 0.32686849574266796 -0.30092776268807031 -0.26604510635700551 0.12565996276741842 -0.17116306039613027 0.08839686269722591 -0.24257637256996367 -0.07441938535721915 0.16615802484206676 0.26396984771263776 0.47866756187627801 -0.39269692068239387 -0.28988006225775931 -0.27230140079958498 -0.27535325174718467 -0.48431348612933744 
-0.30672627948850978 -0.32879116183965573 -0.44015320291756949 0.41763054292428359 0.41384624774925993 0.28197576830347604 -0.04832605975524157 0.45525986510818817 0.43548387096774188 0.26802880947294538 -0.17513046662800991 0.12227240821558272 0.39147618030335396 0.35869930112613302 -0.40313425092318489 -0.40917691579943238 -0.48440504165776543 -0.46285897396771142 -0.41561632129886777 -0.11738944669942319 
